HILL_250_1 = 0.002000 + 0.001000 + 0.001000 + 0.000000 + 0.000000 = 0.0008
HILL_250_2 = 0.005000 + 0.005000 + 0.005000 + 0.005000 + 0.006000 = 0.0052
HILL_250_6 = 0.000000 + 0.001000 + 0.000000 + 0.000000 + 0.000000 = 0.0002
HILL_250_10 = 0.000000 + 0.000000 + 0.000000 + 0.000000 + 0.000000 = 0

DEPTH_1 = 0.001000 
DEPTH_2 = 0.001000 
DEPTH_6 = 0.001000 
DEPTH_10 = 0.001000 

DEPTH = 0.001000 + 0.001000 + 0.001000 + 0.001000 = 0.001

HILL = 0.0008 + 0.0052 + 0.0002 + 0 = 0.00155