HILL_260_7 = 0.003000 + 0.002000 + 0.003000 + 0.002000 + 0.003000 = 0.0026
HILL_260_9 = 0.001000 + 0.000000 + 0.000000 + 0.000000 + 0.001000 = 0.0004

DEPTH_7 = 0.001000 
DEPTH_9 = 0.003000 

DEPTH = 0.001000 + 0.003000 = 0.002

HILL = 0.0026 + 0.0004 = 0.0015