HILL_241_1 = 0.002000 + 0.001000 + 0.002000 + 0.002000 + 0.002000 = 0.0018
HILL_241_2 = 0.002000 + 0.002000 + 0.002000 + 0.002000 + 0.002000 = 0.002
HILL_241_3 = 0.001000 + 0.000000 + 0.001000 + 0.001000 + 0.000000 = 0.0006
HILL_241_5 = 0.001000 + 0.001000 + 0.001000 + 0.001000 + 0.001000 = 0.001
HILL_241_6 = 0.002000 + 0.000000 + 0.002000 + 0.001000 + 0.001000 = 0.0012

DEPTH_1 = 0.000000 
DEPTH_2 = 0.002000 
DEPTH_3 = 0.002000 
DEPTH_5 = 0.002000 
DEPTH_6 = 0.000000

DEPTH = 0.000000 + 0.002000 + 0.002000 + 0.002000 + 0.000000 = 0.0012

HILL = 0.0018 + 0.002 + 0.0006 + 0.001 + 0.0012 = 0.00132