HILL_300_15 = 0.002000 + 0.001000 + 0.002000 + 0.001000 + 0.000000 = 0.0012

DEPTH_15 = 0.002000  

DEPTH = 0.002000

HILL = 0.0012