HILL_200_1 = 0.001000 + 0.001000 + 0.001000 + 0.001000 + 0.001000 = 0.001
HILL_200_2 = 0.004000 + 0.003000 + 0.004000 + 0.004000 + 0.004000 = 0.0038
HILL_200_3 = 0.000000 + 0.000000 + 0.000000 + 0.000000 + 0.000000 = 0.000000
HILL_200_4 = 0.000000 + 0.000000 + 0.000000 + 0.000000 + 0.000000 = 0.000000
HILL_200_5 = 0.001000 + 0.001000 + 0.001000 + 0.001000 + 0.000000 = 0.0008
HILL_200_6 = 0.000000 + 0.001000 + 0.001000 + 0.001000 + 0.001000 = 0.0008
HILL_200_7 = 0.001000 + 0.001000 + 0.000000 + 0.001000 + 0.001000 = 0.0008
HILL_200_8 = 0.001000 + 0.001000 + 0.001000 + 0.001000 + 0.002000 = 0.0012
HILL_200_9 = 0.001000 + 0.000000 + 0.001000 + 0.001000 + 0.001000 = 0.0008
HILL_200_10 = 0.005000 + 0.006000 + 0.005000 + 0.005000 + 0.006000 = 0.0054

DEPTH_1 = 0.002000 
DEPTH_2 = 0.000000 
DEPTH_3 = 0.000000
DEPTH_4 = 0.000000
DEPTH_5 = 0.000000
DEPTH_6 = 0.001000 
DEPTH_7 = 0.001000 
DEPTH_8 = 0.003000 
DEPTH_9 = 0.001000 
DEPTH_10 = 0.000000

DEPTH = 0.002000 + 0.000000 + 0.000000 + 0.000000 + 0.000000 + 0.001000 + 0.001000 + 0.003000 + 0.001000 + 0.000000 = 0.0008 

HILL = 0.001 + 0.0038 + 0.000000 + 0.000000 + 0.0008 + 0.0008 + 0.0008 + 0.0012 + 0.0008 + 0.0054 = 0.00146