HILL_242_4 = 0.000000 + 0.000000 + 0.000000 + 0.001000 + 0.000000 = 0.0002
HILL_242_8 = 0.001000 + 0.001000 + 0.000000 + 0.000000 + 0.001000 = 0.0006
HILL_242_9 = 0.001000 + 0.002000 + 0.002000 + 0.001000 + 0.000000 = 0.0012

DEPTH_4 = 0.001000 
DEPTH_8 = 0.002000 
DEPTH_9 = 0.000000 

DEPTH = 0.001000+ 0.002000 + 0.000000 = 0.001

HILL = 0.0002 + 0.0006 + 0.0012 = 0.0006666666667