HILL_240_3 = 0.001000 + 0.001000 + 0.001000 + 0.000000 + 0.000000 = 0.0006
HILL_240_5 = 0.009000 + 0.010000 + 0.009000 + 0.009000 + 0.009000 = 0.0092
HILL_240_7 = 0.001000 + 0.001000 + 0.001000 + 0.001000 + 0.001000 = 0.001
HILL_240_9 = 0.000000 + 0.000000 + 0.000000 + 0.001000 + 0.001000 = 0.0004
HILL_240_10 = 0.000000 + 0.000000 + 0.000000 + 0.001000 + 0.000000 = 0.0002

DEPTH_3 = 0.001000 
DEPTH_5 = 0.000000
DEPTH_7 = 0.002000 
DEPTH_9 = 0.002000 
DEPTH_10 = 0.000000

DEPTH = 0.001000 + 0.000000 + 0.002000 + 0.002000 + 0.000000 = 0.001 

HILL = 0.0006 + 0.0092 + 0.001 + 0.0004 + 0.0002 = 0.00228