HILL_270_7 = 0.000000 + 0.000000 + 0.000000 + 0.000000 + 0.000000 = 0.000000 
HILL_270_8 = 0.004000 + 0.004000 + 0.003000 + 0.004000 + 0.004000 = 0.0038

DEPTH_7 = 0.001000 
DEPTH_8 = 0.002000 

DEPTH = 0.001000 + 0.002000 = 0.0015

HILL = 0.000000 + 0.0038= 0.0019