HILL_280_10 = 0.000000 + 0.001000 + 0.001000 + 0.000000 + 0.001000 = 0.0006
HILL_280_13 = 0.001000 + 0.002000 + 0.001000 + 0.002000 + 0.001000 = 0.0014

DEPTH_10 = 0.001000 
DEPTH_13 = 0.002000 

DEPTH = 0.001000 + 0.002000 = 0.0015

HILL = 0.0006 + 0.0014 = 0.001