HILL_245_7 = 0.014000 + 0.015000 + 0.015000 + 0.015000 + 0.015000 = 0.0148
HILL_245_7 = 0.006000 + 0.005000 + 0.006000 + 0.005000 + 0.006000 = 0.0056

DEPTH_4 = 0.001000 
DEPTH_7 = 0.001000 


DEPTH = 0.001000 + 0.001000 = 0.001

HILL = 0.0148 + 0.0056 = 0.0102