HILL_302_6 = 0.000000 + 0.000000 + 0.000000 + 0.000000 + 0.001000 = 0.0002

DEPTH_6 = 0.002000 

DEPTH = 0.002000

HILL = 0.0002