HILL_301_5 = 0.002000 + 0.001000 + 0.002000 + 0.001000 + 0.003000 = 0.0018
HILL_301_9 = 0.000000 + 0.000000 + 0.001000 + 0.001000 + 0.001000 = 0.0006

DEPTH_5 = 0.002000 
DEPTH_9 = 0.002000 

DEPTH = 0.002000 + 0.002000 = 0.002

HILL = 0.0018 + 0.0006 = 0.0012